[blue.jpg]
filters=finetune2=1,0.000000,0.000000,0.000000,00000000,0.625731;
moddate=000044d277d10000
width=2560
height=1920
textactive=0
